46 123 
46 124 
47 37 
47 123 
48 36 
48 37 
49 59 
49 150 
49 151 
50 151 
52 31 
52 106 
53 31 
55 186 
56 163 
56 169 
63 130 
63 131 
64 130 
67 38 
68 38 
68 39 
70 153 
70 154 
71 134 
71 144 
71 153 
72 36 
73 129 
73 130 
73 132 
73 133 
74 129 
75 154 
76 32 
79 141 
81 168 
82 125 
82 163 
83 135 
84 84 
88 163 
89 158 
90 148 
90 157 
90 158 
91 156 
95 158 
96 150 
96 165 
97 166 
98 163 
98 166 
99 162 
99 163 
99 166 
99 167 
104 70 
104 140 
105 139 
105 140 
105 167 
106 162 
107 172 
108 90 
109 89 
109 168 
110 88 
110 89 
111 188 
112 92 
112 188 
113 85 
114 196 
115 60 
115 126 
115 127 
115 149 
116 126 
118 36 
118 150 
118 154 
119 150 
119 151 
119 154 
119 155 
121 145 
121 147 
121 148 
122 50 
122 146 
123 149 
125 36 
125 140 
125 141 
126 83 
126 140 
126 142 
126 143 
127 142 
128 133 
128 141 
129 135 
129 190 
130 39 
130 134 
130 136 
130 159 
130 162 
131 135 
131 138 
131 144 
132 137 
132 138 
132 144 
132 145 
132 150 
134 142 
135 141 
135 142 
138 135 
139 135 
139 136 
140 133 
140 134 
141 134 
142 134 
142 138 
142 165 
144 124 
145 123 
145 125 
146 129 
147 34 
147 120 
147 121 
148 33 
148 34 
149 120 
149 121 
150 136 
151 136 
151 137 
152 116 
152 117 
152 132 
153 115 
153 117 
155 115 
155 118 
156 115 
156 116 
156 149 
157 42 
158 42 
158 43 
158 156 
158 167 
159 112 
159 130 
160 132 
162 40 
167 181 
169 164 
172 173 
173 168 
173 169 
176 51 
176 206 
176 207 
177 207 
180 75 
184 149 
188 143 
188 157 
192 46 
193 47 
196 210 
198 51 
201 42 
201 50 
203 199 
205 49 
205 197 
206 202 
210 42 
211 54 
212 54 
212 55 
212 210 
212 211 
213 47 
213 204 
