46 130 
50 36 
51 32 
51 35 
51 36 
52 33 
52 134 
52 154 
54 132 
54 144 
55 128 
55 129 
55 131 
55 132 
56 33 
56 128 
57 33 
57 34 
58 128 
59 128 
59 129 
60 155 
60 156 
61 156 
63 123 
63 124 
63 170 
64 83 
64 84 
64 142 
65 83 
65 124 
65 125 
65 134 
65 135 
66 135 
69 145 
69 146 
70 145 
71 156 
72 78 
72 79 
72 154 
73 78 
74 157 
75 147 
75 156 
75 157 
76 71 
76 72 
76 165 
77 71 
78 166 
79 166 
79 167 
80 77 
81 77 
85 69 
87 139 
89 141 
89 188 
92 196 
94 144 
94 147 
95 135 
95 136 
95 147 
95 148 
96 135 
96 146 
98 60 
98 126 
98 147 
99 148 
99 152 
100 148 
100 149 
101 35 
101 144 
102 146 
103 146 
105 34 
105 49 
106 83 
106 137 
106 191 
107 82 
107 83 
107 140 
108 137 
109 137 
109 138 
110 139 
111 36 
111 134 
111 135 
111 146 
112 135 
112 137 
113 136 
113 137 
115 33 
116 32 
116 33 
118 130 
119 108 
119 130 
119 131 
121 163 
125 36 
125 114 
126 36 
126 37 
127 116 
128 119 
131 113 
131 118 
132 111 
132 112 
132 117 
132 118 
132 129 
133 111 
134 111 
135 110 
135 111 
137 101 
137 106 
137 107 
137 108 
138 108 
138 114 
138 163 
140 99 
140 105 
140 112 
140 130 
140 167 
141 102 
141 104 
141 163 
141 167 
141 168 
142 103 
142 123 
144 104 
144 182 
146 186 
147 168 
147 186 
148 34 
150 40 
150 171 
152 38 
154 36 
154 37 
154 207 
155 37 
161 41 
161 110 
163 75 
165 157 
166 109 
167 110 
169 107 
174 87 
177 40 
177 90 
180 51 
181 199 
191 186 
195 44 
197 207 
197 210 
198 203 
198 208 
198 209 
199 202 
199 203 
199 208 
202 37 
202 52 
204 56 
205 47 
205 50 
206 212 
206 213 
207 212 
209 51 
209 52 
210 43 
