43 38 
43 84 
43 170 
43 171 
44 35 
44 170 
46 70 
52 35 
53 35 
53 36 
53 57 
53 58 
53 119 
54 57 
55 150 
55 151 
56 151 
57 32 
57 181 
58 34 
58 102 
59 31 
59 32 
60 32 
60 164 
60 165 
61 37 
61 158 
61 164 
62 37 
62 38 
65 34 
66 34 
67 31 
68 152 
68 153 
69 152 
70 35 
71 35 
71 36 
72 129 
74 130 
74 150 
76 31 
76 122 
76 123 
76 132 
77 31 
77 32 
77 122 
77 125 
78 125 
78 130 
79 124 
79 127 
79 129 
79 130 
79 142 
79 143 
80 142 
83 96 
84 128 
84 165 
85 127 
85 128 
86 126 
86 139 
86 140 
87 91 
87 92 
87 140 
88 92 
88 124 
89 81 
89 122 
89 123 
89 124 
89 132 
89 133 
90 133 
94 143 
94 144 
94 154 
95 143 
95 151 
95 152 
96 152 
98 156 
99 155 
99 156 
100 153 
100 154 
100 162 
100 163 
101 144 
101 154 
101 163 
102 31 
102 144 
102 145 
102 147 
102 156 
103 164 
106 35 
110 31 
110 144 
111 31 
111 65 
111 137 
112 136 
112 137 
112 185 
113 33 
113 185 
113 186 
114 194 
115 140 
118 144 
119 145 
120 58 
120 143 
120 145 
120 146 
121 123 
121 124 
121 140 
121 144 
122 39 
122 123 
122 141 
122 142 
122 144 
122 147 
123 138 
123 142 
124 141 
125 140 
125 142 
126 141 
127 145 
129 79 
129 141 
130 140 
130 142 
130 187 
131 139 
131 140 
131 142 
132 138 
132 141 
132 142 
136 146 
141 128 
143 126 
143 130 
144 125 
144 126 
144 129 
144 130 
144 160 
145 160 
145 161 
150 161 
150 163 
151 128 
152 118 
152 119 
152 137 
152 138 
153 118 
153 122 
154 118 
154 121 
154 133 
155 120 
155 121 
156 113 
156 115 
157 114 
157 130 
160 165 
162 160 
163 128 
164 112 
165 160 
166 114 
166 115 
166 123 
166 160 
166 161 
167 39 
167 115 
168 50 
168 181 
170 163 
173 169 
176 204 
176 205 
177 205 
182 54 
184 74 
185 109 
186 106 
186 107 
187 99 
187 107 
189 108 
189 155 
190 108 
190 109 
193 94 
194 95 
194 213 
196 93 
198 95 
198 96 
199 44 
199 96 
202 213 
203 212 
204 196 
208 52 
209 52 
209 53 
211 46 
211 209 
211 210 
212 48 
212 49 
212 210 
213 49 
