47 40 
51 36 
52 35 
52 36 
53 168 
54 124 
54 125 
55 124 
60 126 
60 127 
61 127 
66 159 
69 58 
69 107 
73 111 
74 107 
76 47 
76 98 
78 98 
79 96 
79 97 
80 97 
83 99 
85 107 
96 137 
97 130 
99 46 
101 120 
101 131 
102 54 
102 142 
103 140 
103 141 
103 142 
107 120 
107 121 
107 137 
107 138 
108 121 
108 138 
108 149 
108 166 
108 167 
109 112 
109 166 
112 86 
112 110 
112 111 
113 111 
116 111 
117 111 
117 112 
119 108 
120 115 
122 107 
122 121 
123 110 
125 106 
129 113 
131 189 
132 133 
133 155 
133 156 
134 155 
140 105 
141 105 
141 106 
145 58 
145 65 
153 39 
153 40 
154 39 
157 51 
158 36 
158 136 
161 156 
162 40 
162 98 
162 135 
163 40 
163 41 
163 103 
163 106 
164 102 
165 101 
165 102 
166 39 
166 103 
171 99 
172 98 
172 99 
173 96 
175 112 
175 113 
179 83 
180 84 
181 84 
181 85 
182 49 
182 82 
182 83 
183 83 
187 117 
187 120 
188 119 
188 120 
196 136 
196 177 
198 79 
198 80 
199 80 
203 171 
204 48 
204 50 
207 63 
209 57 
211 41 
211 42 
212 42 
