49 172 
51 38 
51 128 
52 127 
52 128 
53 33 
53 34 
53 73 
54 34 
56 124 
60 61 
63 39 
64 123 
64 124 
65 124 
66 36 
67 35 
67 36 
76 40 
77 40 
77 41 
80 91 
80 137 
82 46 
83 42 
83 45 
83 46 
83 61 
83 90 
83 165 
83 166 
84 35 
84 36 
84 42 
84 43 
84 137 
84 138 
84 165 
85 35 
85 138 
86 67 
87 127 
88 41 
88 182 
88 183 
89 37 
89 38 
89 40 
89 41 
89 182 
90 37 
90 127 
91 36 
93 104 
97 37 
98 37 
98 38 
98 125 
98 143 
99 124 
100 35 
100 123 
100 124 
101 122 
102 120 
102 121 
102 124 
103 121 
103 125 
107 36 
109 126 
110 38 
111 38 
111 39 
111 128 
111 129 
112 149 
112 170 
112 171 
113 148 
113 149 
113 170 
113 206 
113 207 
114 206 
118 34 
119 33 
119 34 
122 121 
126 73 
129 77 
129 78 
130 78 
141 152 
142 63 
142 64 
142 111 
142 114 
142 169 
143 64 
143 112 
143 113 
143 149 
144 112 
144 117 
145 113 
145 118 
146 115 
147 107 
147 117 
148 108 
148 112 
150 40 
150 41 
152 39 
152 40 
155 36 
159 40 
159 41 
162 39 
163 34 
164 40 
164 100 
165 39 
165 40 
168 133 
169 130 
169 132 
169 133 
172 43 
176 48 
177 192 
178 96 
182 148 
184 185 
187 75 
195 82 
202 199 
203 202 
204 201 
205 129 
208 169 
208 170 
209 170 
210 111 
211 177 
212 177 
212 178 
