48 198 
50 41 
50 124 
50 125 
51 41 
51 42 
51 125 
52 40 
53 97 
53 98 
53 213 
54 98 
55 155 
56 39 
56 84 
58 184 
59 34 
59 35 
59 36 
60 34 
61 44 
63 70 
66 40 
66 41 
67 41 
67 159 
68 35 
68 41 
68 164 
69 162 
69 163 
70 116 
70 135 
70 163 
72 193 
72 194 
73 194 
74 39 
74 177 
74 178 
75 39 
75 171 
75 177 
80 36 
82 166 
85 142 
86 137 
86 143 
86 147 
87 39 
87 48 
87 102 
87 139 
87 140 
88 140 
88 145 
88 163 
89 103 
89 141 
90 102 
90 104 
91 103 
92 111 
94 144 
97 31 
98 31 
98 103 
98 111 
98 112 
99 92 
99 112 
99 179 
99 180 
100 180 
101 144 
102 134 
103 134 
103 135 
107 37 
109 80 
110 34 
110 80 
110 81 
110 165 
110 166 
111 166 
112 34 
112 62 
113 88 
113 172 
114 65 
114 66 
114 68 
115 62 
115 66 
116 80 
116 87 
117 78 
117 79 
117 176 
118 79 
119 80 
120 75 
124 35 
124 148 
125 147 
125 148 
126 37 
127 197 
130 68 
130 204 
131 153 
133 54 
133 157 
134 156 
134 157 
135 154 
135 155 
136 135 
136 155 
136 159 
137 43 
137 156 
138 157 
139 157 
140 154 
141 91 
141 153 
141 154 
142 90 
142 91 
142 155 
144 199 
146 148 
149 149 
150 149 
150 150 
150 156 
151 146 
151 148 
152 32 
152 33 
152 147 
153 33 
157 140 
158 140 
158 141 
159 171 
166 43 
166 126 
167 43 
167 44 
167 118 
168 124 
168 127 
168 128 
169 115 
169 121 
170 121 
171 118 
171 122 
171 139 
173 39 
174 126 
175 131 
175 174 
176 123 
176 124 
176 169 
177 123 
177 136 
179 44 
179 121 
180 170 
182 48 
183 190 
183 195 
183 196 
184 196 
185 196 
186 196 
186 197 
188 44 
188 45 
189 45 
193 46 
194 46 
194 47 
195 49 
197 81 
198 53 
201 51 
202 109 
203 162 
205 51 
205 112 
209 200 
209 203 
210 48 
210 198 
210 201 
210 202 
211 47 
211 48 
211 197 
211 198 
211 201 
213 57 
